0.2551283567359848 0.2101635815395636 0.7951082945001836 0.6373449455556538 0.29080965318420604 0.6402204950336191 0.5354646106187161 0.9212506871624081 0.46799852070326353 0.7076597310669464 0.953704855862809 0.6933386646414619 0.5088809741678467 0.23035036948986665 0.5578421940175031 0.4021182574056842 0.22144050894874945 0.15088212910626275 0.0704231970855117 0.7961002404400581 
0.5950230577081097 0.9050847993696353 0.7200583480272673 0.5398140433579509 0.6741319846240709 0.772733690586039 0.05948833140206533 0.04823294432781089 0.48855918415850896 0.3647692643785194 0.592687697163007 0.4053596859630687 0.2720609942719928 0.0820213759444719 0.46323337778933393 0.5540154414310214 0.43713860272835503 0.5923447470225621 0.2071426878964815 0.2964128985498655 
0.2900841996947816 0.11623428724777707 0.10561143935980855 0.02888426568072655 0.26830595260433865 0.585404440315655 0.9865598542931827 0.5491732720746261 0.5610462647529052 0.5444803366701159 0.4186202647990639 0.7209896576304349 0.334959457508488 0.002862034017577786 0.11717692711282812 0.25806412007304136 0.427616316765594 0.3119881003762829 0.039295691682079914 0.39872979576091816 
0.2948548806596957 0.5426383358675345 0.08285663060777071 0.7820962527251599 0.20199815096813545 0.7675795059981466 0.5249302318555308 0.4081707654014639 0.13431097913375967 0.11677207903250231 0.3354140133568134 0.16682033312139233 0.6686701498514924 0.46552027221983083 0.2841728498740471 0.05425781008177477 0.0962729155979104 0.1403612475521544 0.3234030307089524 0.8607735933744002 
0.4153111611560235 0.08315386042133677 0.07166657034903745 0.8097242632201825 0.4228897165920573 0.5007412999908977 0.352018949503053 0.35532774992943716 0.027068775731473593 0.14572550671830642 0.643879734230076 0.1056047107907443 0.07276237689375842 0.023306481517754163 0.9967726726175957 0.6268437839592645 0.4293260478693377 0.4998022359086586 0.4237874877233785 0.7072582389825051 
0.8230183936653416 0.500380343854305 0.043593367751980194 0.5100402399316921 0.9141230918691831 0.7266955523236682 0.27205952503304875 0.9298081610313004 0.4163692926672783 0.5995419240817488 0.1780155203452648 0.3814811478201243 0.6353896495990996 0.9372926420389941 0.7124104823651043 0.19690471053673586 0.6633073847216541 0.2178137091978729 0.8961066087693174 0.7820897377574232 
0.6081448914485084 0.6397027143880004 0.20876919064447774 0.6967164770465273 0.659597815520937 0.09811763624931313 0.3597919910888311 0.8575943729784316 0.4968209254131085 0.6211242501776544 0.34192298321932457 0.13905725748535092 0.5292223481315658 0.7744055157002204 0.16923271723744182 0.7458128325985677 0.727865881829422 0.03533992611037318 0.9832932883545787 0.8675543450795505 
0.35293102324394343 0.1618698670923916 0.27491313157388353 0.28968118380931973 0.7117832645655522 0.13724521378010235 0.8134990827686954 0.8307646238810448 0.19255800985848848 0.358641681317851 0.5020939126121927 0.7049336209072086 0.20976329462458598 0.35581677454548755 0.7833638325184942 0.16614469170745694 0.3712578585145552 0.4753812401199714 0.4102872733288675 0.08133935427485672 
0.13006310833060752 0.646927132936161 0.3650227880586854 0.40078101452336223 0.4198183877954895 0.559168171867995 0.460410274314796 0.8464028745766682 0.2892914689985292 0.31741186165371105 0.6907865652547972 0.5227869385767038 0.34920649817301663 0.9280971796948465 0.7122727124045387 0.5704339360580765 0.9237546828943541 0.7617953659425871 0.9274172458767362 0.4272721684344992 
0.1595031215724857 0.48298558379019796 0.5250556190071674 0.7418933085393834 0.9860197881690073 0.8030815674477327 0.48347344344175924 0.49079136586853567 0.7453836975797166 0.8125987339590639 0.983436808419502 0.39192075375185664 0.5118511338776452 0.5790159553138088 0.8973803816695742 0.2781780216275602 0.6083000940983292 0.15880003773491658 0.02201965190697963 0.6969512830576878 
0.5926769616599646 0.16522486505854672 0.5038813345608018 0.6356697856600838 0.03552068375326789 0.5580313546837969 0.4707212421615159 0.9383261447508983 0.7387417868184529 0.3766385945361219 0.2265267212306724 0.674231549385338 0.6561843522883676 0.7255302116157643 0.49377638469191265 0.44780460543137635 0.6681013478322948 0.43860443358992685 0.09385698844235657 0.3969825177305677 
0.5345250831984507 0.49869022263951346 0.14501351370094728 0.4178829214950672 0.8066157645816858 0.4690958814345064 0.3269355516200577 0.9746336613897452 0.21042317051528414 0.9059706695876026 0.01205881254250607 0.705826662090049 0.03409775627665235 0.9634241656189376 0.09588824766123305 0.9228414815480851 0.3474391898978213 0.17776170870450536 0.17212480767624816 0.010322652921643694 
0.46177173072848243 0.7228588059979955 0.29310517544730186 0.6853846488907994 0.8984874579488961 0.26561143479641336 0.9320397832683901 0.04965679911384713 0.27620027558290317 0.9185626893628723 0.9207615636367165 0.37706969500963194 0.9493044766094406 0.6862209781623606 0.07517397988229357 0.6203240788619659 0.9348340196152995 0.23224862912579347 0.9403135937938248 0.6902716996274213 
0.6498694278285223 0.7566138580550137 0.5879192000789247 0.6649768692261981 0.2483415362681427 0.2649632854922287 0.6816256917775271 0.21901690426287201 0.8939323420201408 0.5368860436621815 0.08837779182145256 0.7286179330539506 0.1348749669582805 0.6554047723145293 0.15938528249838102 0.7045126220610779 0.6568064318103747 0.04694268558706893 0.4299173866348933 0.4319442060288855 
0.0814281629941247 0.5991801315344965 0.8944615880233835 0.956031530874169 0.1515810565014274 0.5736279613677456 0.20224756458074322 0.8407478543955221 0.5974433440053577 0.710409157870902 0.08786432257605248 0.45105595028562473 0.21391105624751938 0.13465433328998266 0.10267478574460587 0.8602806007963535 0.19582239372235677 0.41708053859263017 0.2449587973558115 0.8685888394853359 
0.5755391523371768 0.41573720754851173 0.40019184225314164 0.03348767701159683 0.6864993498015028 0.3315667090770752 0.5975937283085541 0.059537302953476035 0.9367075325564729 0.747341553781179 0.9650578352422182 0.37201775121582314 0.8177300818737027 0.28770370936942913 0.9217977456823325 0.20807534831084096 0.9976147592342282 0.9374464665804696 0.5865254597838143 0.09891486816662176 
0.5502555282477768 0.9858421518698509 0.5987010847645604 0.1878917950524287 0.8590744095163686 0.026734205655132848 0.5513711328069756 0.43189886169825253 0.49949482072216767 0.4372756077158928 0.016338598195704934 0.3672295495306972 0.4525315184152221 0.2826095695865122 0.7058849034825674 0.7861403151883445 0.330924183648883 0.6494529168679477 0.6599903531890235 0.36662292721623124 
0.9095933459396627 0.9984563708203106 0.4739758673716409 0.02543649211769139 0.1437984805955117 0.2433800663634199 0.4887161254146719 0.523238723512198 0.031230427093172475 0.9145366656727181 0.5540497332345112 0.6406943049406219 0.12837089986845474 0.944618566430476 0.44573992621786795 0.0657276619962569 0.26680429938586103 0.3269396187503417 0.26731445006487997 0.9846266773307697 
0.031767808705402745 0.13928615519159526 0.20034097178698929 0.2534922715435918 0.8630782019236397 0.2009856928157675 0.7801704314873923 0.9415686585923644 0.21767433445542728 0.9364661879530676 0.46890710428141524 0.9842776349402157 0.09336685014794643 0.855492708222067 0.6733414266439917 0.661319265322258 0.35498741198207406 0.42843196649375526 0.5128072001948627 0.6239909933849911 
0.7269817367514112 0.03431009624743009 0.58040241824527 0.2359154314645494 0.020592310093240584 0.0900922674917175 0.660738583414608 0.06265674634706464 0.14912790638066586 0.43152727205504593 0.8683606639674019 0.4482445410319229 0.7514189217478122 0.5090643180514324 0.9532058515924724 0.2504128386277378 0.7914088707185256 0.9867627868855418 0.5829463140249249 0.971401380743178 
